   1.6530079e+01
   1.6394166e+01
   1.6220946e+01
   1.6999208e+01
   1.6638181e+01
   1.6437323e+01
   1.7629516e+01
   1.6988572e+01
   1.7416092e+01
   1.7913102e+01
   1.7550006e+01
   1.8246277e+01
   1.7865290e+01
   1.8430684e+01
   1.8594844e+01
   1.8336336e+01
   1.7837255e+01
   1.8440104e+01
   1.8717140e+01
   1.8623883e+01
   1.8652816e+01
   1.9729545e+01
   1.9282556e+01
   2.0111038e+01
   1.9508875e+01
   2.0219517e+01
   1.9805818e+01
   2.0569243e+01
   2.0636000e+01
   2.0217478e+01
   2.0124517e+01
   2.1136322e+01
   2.1526026e+01
   2.0745932e+01
   2.1415165e+01
   2.1221111e+01
   2.1969478e+01
   2.2029820e+01
   2.1285977e+01
   2.2487894e+01
   2.2840845e+01
   2.2290095e+01
   2.3008634e+01
   2.2729357e+01
   2.2245925e+01
   2.2481467e+01
   2.2961403e+01
   2.3644774e+01
   2.3932305e+01
   2.4052583e+01
   2.3520655e+01
   2.4020744e+01
   2.3532928e+01
   2.3745520e+01
   2.3963992e+01
   2.4960788e+01
   2.4870526e+01
   2.4599004e+01
   2.5245384e+01
   2.4914518e+01
   2.4967625e+01
   2.6355154e+01
   2.6115744e+01
   2.6867073e+01
   2.6717379e+01
   2.6748280e+01
   2.7301015e+01
   2.7602457e+01
   2.7975548e+01
   2.6703429e+01
   2.8213439e+01
   2.8048845e+01
   2.8831576e+01
   2.8356588e+01
   2.8504308e+01
   2.9208272e+01
   2.8570206e+01
   2.9198383e+01
   3.0025534e+01
   2.9759035e+01
   3.0386890e+01
   3.0447928e+01
   3.0437989e+01
   3.0145270e+01
   3.0985926e+01
   3.0318030e+01
   3.1334240e+01
   3.1585761e+01
   3.1885056e+01
   3.2320112e+01
   3.2648830e+01
   3.2518446e+01
   3.2424973e+01
   3.3131719e+01
   3.2794487e+01
   3.2133628e+01
   3.2471925e+01
   3.3765781e+01
   3.3377689e+01
   3.4096296e+01
   3.3318850e+01
   3.4006533e+01
   3.4294005e+01
   3.3567983e+01
   3.4612842e+01
   3.4405080e+01
   3.4106311e+01
   3.4936705e+01
   3.4661160e+01
   3.4726676e+01
   3.5019453e+01
   3.5099530e+01
   3.5331165e+01
   3.5278441e+01
   3.6333114e+01
   3.5967752e+01
   3.6516077e+01
   3.6912558e+01
   3.6778312e+01
   3.6991136e+01
   3.7010745e+01
   3.6682020e+01
   3.7382967e+01
   3.8076779e+01
   3.8256866e+01
   3.7499219e+01
   3.7553618e+01
   3.8235090e+01
   3.8494497e+01
   3.8305831e+01
   3.8135459e+01
   3.9394621e+01
   3.8242106e+01
   3.8423894e+01
   3.8624743e+01
   3.8807678e+01
   3.9635587e+01
   3.9710598e+01
   3.9073590e+01
   4.0537074e+01
   4.0377087e+01
   4.0533250e+01
   3.9662794e+01
   4.0998626e+01
   4.1249161e+01
   4.1463242e+01
   4.1413803e+01
   4.1442258e+01
   4.1172366e+01
   4.0806977e+01
   4.1276628e+01
   4.1017671e+01
   4.1000924e+01
   4.2500790e+01
   4.1681045e+01
   4.1808726e+01
   4.2000273e+01
   4.2335751e+01
   4.2740258e+01
   4.1937238e+01
   4.3294382e+01
   4.3001545e+01
   4.3576129e+01
   4.2948682e+01
   4.3227566e+01
   4.2771235e+01
   4.3086513e+01
   4.3945640e+01
   4.3577853e+01
   4.4559163e+01
   4.3518205e+01
   4.4952953e+01
   4.4409604e+01
   4.4789430e+01
   4.5358031e+01
   4.4420858e+01
   4.4741971e+01
   4.4949662e+01
   4.5531865e+01
   4.5747718e+01
   4.4806138e+01
   4.5059297e+01
   4.5468826e+01
   4.5152630e+01
   4.5989563e+01
   4.5850645e+01
   4.5751500e+01
   4.5943545e+01
   4.7131001e+01
   4.6930535e+01
   4.6765375e+01
