   1.3999792e+01
   1.3405021e+01
   1.3468315e+01
   1.4914041e+01
   1.3811889e+01
   1.3744564e+01
   1.4678591e+01
   1.5301401e+01
   1.5124861e+01
   1.4549939e+01
   1.4961555e+01
   1.5243867e+01
   1.6170548e+01
   1.5078733e+01
   1.6274172e+01
   1.6105533e+01
   1.5851037e+01
   1.5722007e+01
   1.6227753e+01
   1.6458924e+01
   1.6068101e+01
   1.6923519e+01
   1.6531404e+01
   1.6922715e+01
   1.7374737e+01
   1.7033253e+01
   1.7247316e+01
   1.7894235e+01
   1.7524306e+01
   1.8521586e+01
   1.8918514e+01
   1.8700260e+01
   1.8281949e+01
   1.8804373e+01
   1.8252956e+01
   1.9614707e+01
   1.9739587e+01
   1.9812538e+01
   1.9143719e+01
   1.9811841e+01
   1.9122717e+01
   1.9896451e+01
   1.9898238e+01
   1.9842980e+01
   2.0041502e+01
   2.0581301e+01
   2.0262967e+01
   2.1195102e+01
   2.1180453e+01
   2.1695809e+01
   2.1880618e+01
   2.1968578e+01
   2.1242291e+01
   2.1477321e+01
   2.2036731e+01
   2.2537009e+01
   2.2906160e+01
   2.2720498e+01
   2.3524757e+01
   2.3559454e+01
   2.4123648e+01
   2.3658213e+01
   2.3541339e+01
   2.3406370e+01
   2.4360530e+01
   2.4810225e+01
   2.4476734e+01
   2.4178705e+01
   2.4644188e+01
   2.4677727e+01
   2.5071850e+01
   2.5513440e+01
   2.5846330e+01
   2.5942794e+01
   2.6768836e+01
   2.6429335e+01
   2.7260745e+01
   2.6990657e+01
   2.7654237e+01
   2.6756620e+01
   2.7584282e+01
   2.7175758e+01
   2.7919761e+01
   2.8122746e+01
   2.7348350e+01
   2.7793422e+01
   2.7910902e+01
   2.8739074e+01
   2.9165392e+01
   2.8576059e+01
   2.9389845e+01
   2.9390928e+01
   2.8546026e+01
   2.9596354e+01
   2.9429454e+01
   3.0378440e+01
   2.9160162e+01
   3.0004760e+01
   3.0098736e+01
   3.0302969e+01
   3.0914218e+01
   3.0387788e+01
   3.1223697e+01
   3.0893214e+01
   3.0377485e+01
   3.0724068e+01
   3.1678059e+01
   3.1439572e+01
   3.1091107e+01
   3.1505169e+01
   3.2034817e+01
   3.1540418e+01
   3.2488352e+01
   3.1871776e+01
   3.3009344e+01
   3.2161465e+01
   3.3029796e+01
   3.2287275e+01
   3.2557385e+01
   3.2383848e+01
   3.3231784e+01
   3.3512134e+01
   3.3426003e+01
   3.3363220e+01
   3.3809382e+01
   3.3931907e+01
   3.4096534e+01
   3.4148431e+01
   3.4728168e+01
   3.3738524e+01
   3.4602949e+01
   3.4006583e+01
   3.3943952e+01
   3.4787935e+01
   3.4663884e+01
   3.4788106e+01
   3.5203964e+01
   3.5477232e+01
   3.4957637e+01
   3.5535590e+01
   3.5276834e+01
   3.6025247e+01
   3.6121192e+01
   3.5365604e+01
   3.6009864e+01
   3.6071308e+01
   3.6116752e+01
   3.6717613e+01
   3.5916164e+01
   3.6101513e+01
   3.5907603e+01
   3.7241731e+01
   3.6902896e+01
   3.6756164e+01
   3.7098171e+01
   3.7058326e+01
   3.7314107e+01
   3.7260688e+01
   3.7627974e+01
   3.7431511e+01
   3.8239498e+01
   3.7177926e+01
   3.7109360e+01
   3.7215724e+01
   3.7246822e+01
   3.7858281e+01
   3.8023637e+01
   3.7999132e+01
   3.8694624e+01
   3.8589766e+01
   3.8904003e+01
   3.9242941e+01
   3.9399872e+01
   3.8325331e+01
   3.8341504e+01
   3.9272822e+01
   3.8463658e+01
   3.9205313e+01
   3.9307071e+01
   3.9897602e+01
   3.9427432e+01
   3.9384456e+01
   3.9895348e+01
   4.0093783e+01
   3.9855403e+01
   3.9690028e+01
   3.9486282e+01
   4.0232936e+01
   3.9839213e+01
   3.9604570e+01
   4.0761900e+01
   4.0085033e+01
   4.0475595e+01
   4.0934651e+01
   4.0532647e+01
   4.1189110e+01
   4.0767477e+01
   4.1291456e+01
   4.1413513e+01
   4.1112301e+01
   4.0570011e+01
   4.1129249e+01
   4.1362155e+01
   4.1224118e+01
   4.1207611e+01
   4.2238226e+01
   4.1744440e+01
   4.2525428e+01
   4.1875063e+01
   4.2536782e+01
   4.2073425e+01
   4.2786446e+01
   4.2802038e+01
   4.2331576e+01
   4.2185886e+01
   4.3144160e+01
   4.3479516e+01
   4.2644240e+01
   4.3257443e+01
   4.3006495e+01
   4.3697086e+01
   4.3698754e+01
   4.2895322e+01
   4.4036716e+01
   4.4328194e+01
   4.3714999e+01
   4.4370105e+01
   4.4026386e+01
   4.3477484e+01
   4.3646507e+01
   4.4058852e+01
   4.4673539e+01
   4.4891272e+01
   4.4940614e+01
   4.4336590e+01
   4.4763397e+01
   4.4201089e+01
   4.4337952e+01
   4.4479433e+01
   4.5397947e+01
   4.5228084e+01
   4.4875613e+01
   4.5439667e+01
   4.5025065e+01
   4.4992996e+01
   4.6293875e+01
   4.5966310e+01
   4.6627944e+01
   4.6386990e+01
   4.6325035e+01
   4.6783209e+01
