   1.1324976e+01
   1.1278987e+01
   1.1546351e+01
   1.2280988e+01
   1.2255640e+01
   1.2263599e+01
   1.3174403e+01
   1.2999780e+01
   1.3141897e+01
   1.3890263e+01
   1.3142157e+01
   1.4049920e+01
   1.4247264e+01
   1.3891752e+01
   1.4379127e+01
   1.3849421e+01
   1.4026779e+01
   1.4954274e+01
   1.5541099e+01
   1.5989721e+01
   1.5002048e+01
   1.5881078e+01
   1.5954797e+01
   1.5493704e+01
   1.6208987e+01
   1.6176383e+01
   1.7356744e+01
   1.6866794e+01
   1.7429923e+01
   1.7125298e+01
   1.8022105e+01
   1.7758559e+01
   1.8592913e+01
   1.8896095e+01
   1.9237829e+01
   1.9047662e+01
   1.8756817e+01
   1.9236848e+01
   2.0528822e+01
   1.9656031e+01
   2.0938132e+01
   2.0782240e+01
   2.1747710e+01
   2.0653105e+01
   2.1485833e+01
   2.1271502e+01
   2.2847907e+01
   2.1709474e+01
   2.3166380e+01
   2.3532089e+01
   2.3897670e+01
   2.2995615e+01
   2.3729913e+01
   2.3769323e+01
   2.4817906e+01
   2.4493175e+01
   2.5431148e+01
   2.4548800e+01
   2.4875124e+01
   2.4894416e+01
   2.5070904e+01
   2.6356099e+01
   2.6102353e+01
   2.6234057e+01
   2.5799516e+01
   2.7031255e+01
   2.6851634e+01
   2.6609405e+01
   2.7015168e+01
   2.7008480e+01
   2.6678560e+01
   2.7081860e+01
   2.7062986e+01
   2.7308602e+01
   2.7546127e+01
   2.7964247e+01
   2.7563349e+01
   2.8990826e+01
   2.9199173e+01
   2.8660995e+01
   2.8798862e+01
   2.8709536e+01
   2.9688811e+01
   2.9026287e+01
   2.8770933e+01
   2.9904357e+01
   2.9446688e+01
   2.9351082e+01
   2.9719358e+01
   2.9381710e+01
   2.9557234e+01
   3.0893419e+01
   3.1034552e+01
   3.0582225e+01
   2.9927314e+01
   3.0307335e+01
   3.0601827e+01
   3.1420327e+01
   3.0327726e+01
   3.0485000e+01
   3.0789669e+01
   3.1625571e+01
   3.1865310e+01
   3.1855110e+01
   3.1674462e+01
   3.1932015e+01
   3.1668399e+01
   3.2452501e+01
   3.1729689e+01
   3.2586576e+01
   3.1941294e+01
   3.2327911e+01
   3.2822381e+01
   3.3162733e+01
   3.2222233e+01
   3.3602520e+01
   3.3479668e+01
   3.3153710e+01
   3.3184491e+01
   3.3307792e+01
   3.3203751e+01
   3.3613249e+01
   3.3722490e+01
   3.4288130e+01
   3.4358713e+01
   3.4237040e+01
   3.3941777e+01
   3.4693608e+01
   3.4376783e+01
   3.4203720e+01
   3.5185033e+01
   3.5188907e+01
   3.4798264e+01
   3.5004285e+01
   3.5048125e+01
   3.4575549e+01
   3.4811531e+01
   3.5161090e+01
   3.4894774e+01
   3.5909123e+01
   3.5027700e+01
   3.5166612e+01
   3.5175265e+01
   3.5351496e+01
   3.5753701e+01
   3.5656362e+01
   3.6663788e+01
   3.6012559e+01
   3.5732593e+01
   3.6900485e+01
   3.7100347e+01
   3.6376459e+01
   3.5972242e+01
   3.6280170e+01
   3.6593894e+01
   3.6961271e+01
   3.6550878e+01
   3.7150987e+01
   3.7402685e+01
   3.6757527e+01
   3.6689987e+01
   3.7047737e+01
   3.7169668e+01
   3.7416447e+01
   3.7630610e+01
   3.7085659e+01
   3.7439621e+01
   3.8335896e+01
   3.7266660e+01
   3.8704563e+01
   3.8495248e+01
   3.8221174e+01
   3.8444618e+01
   3.8021414e+01
   3.8442535e+01
   3.9287812e+01
   3.8752481e+01
   3.8803279e+01
   3.8458514e+01
   3.8934297e+01
   3.9227189e+01
   3.9400313e+01
   3.9065797e+01
   3.9115044e+01
   4.0137697e+01
   3.8804560e+01
   4.0168316e+01
   4.0303493e+01
   4.0221229e+01
   3.9268806e+01
   3.9607727e+01
   3.9812538e+01
   4.0424081e+01
   3.9704714e+01
   4.0677531e+01
   3.9852053e+01
   4.0769186e+01
   4.0626872e+01
   4.1151675e+01
   4.1153570e+01
   4.1534945e+01
   4.1614535e+01
   4.0878624e+01
   4.1525171e+01
   4.0873890e+01
   4.0723562e+01
   4.1894895e+01
   4.1630312e+01
   4.1702122e+01
   4.2441752e+01
   4.2102373e+01
   4.2217456e+01
   4.2683986e+01
   4.2707411e+01
   4.2469106e+01
   4.1983751e+01
   4.2175111e+01
   4.3251333e+01
   4.2071440e+01
   4.2870660e+01
   4.2495599e+01
   4.3820157e+01
   4.3530136e+01
   4.3321297e+01
   4.3387260e+01
   4.2880641e+01
   4.3925309e+01
   4.3077695e+01
   4.3233478e+01
   4.4021616e+01
   4.3497643e+01
   4.4693760e+01
   4.4807435e+01
   4.4779945e+01
   4.4036855e+01
   4.4917842e+01
   4.4823316e+01
   4.5622495e+01
   4.5254755e+01
   4.5600631e+01
   4.5200339e+01
   4.5288383e+01
   4.5998572e+01
   4.5007273e+01
   4.5203959e+01
   4.5387094e+01
   4.5836909e+01
   4.6621752e+01
   4.6704608e+01
   4.5715852e+01
   4.6350329e+01
   4.6668776e+01
   4.6631411e+01
   4.7119990e+01
   4.7205895e+01
   4.6831903e+01
   4.7172161e+01
   4.6679445e+01
   4.8264625e+01
   4.7172389e+01
   4.7214870e+01
   4.7748882e+01
   4.7622988e+01
   4.8196717e+01
   4.8108642e+01
   4.9164917e+01
   4.9256901e+01
   4.8095225e+01
   4.9263688e+01
   4.8702168e+01
   4.9075237e+01
